20
234 12 23 34 1 2 5 5 5 234 234 12 23 34 1 2 5 5 5 234
234 12 23 34 1 2 5 5 5 234 234 12 23 34 1 2 5 5 5 234
234 12 23 34 1 2 5 5 5 234 234 12 23 34 1 2 5 5 5 234
234 12 23 34 1 2 5 5 5 234 234 12 23 34 1 2 5 5 5 234
234 12 23 34 1 2 5 5 5 234 234 12 23 34 1 2 5 5 5 234
234 12 23 34 1 2 5 5 5 234 234 12 23 34 1 2 5 5 5 234
234 12 23 34 1 2 5 5 5 234 234 12 23 34 1 2 5 5 5 234
234 12 23 34 1 2 5 5 5 234 234 12 23 34 1 2 5 5 5 234
234 12 23 34 1 2 5 5 5 234 234 12 23 34 1 2 5 5 5 234
234 12 23 34 1 2 5 5 5 234 234 12 23 34 1 2 5 5 5 234
234 12 23 34 1 2 5 5 5 234 234 12 23 34 1 2 5 5 5 234
234 12 23 34 1 2 5 5 5 234 234 12 23 34 1 2 5 5 5 234
234 12 23 34 1 2 5 5 5 234 234 12 23 34 1 2 5 5 5 234
234 12 23 34 1 2 5 5 5 234 234 12 23 34 1 2 5 5 5 234
234 12 23 34 1 2 5 5 5 234 234 12 23 34 1 2 5 5 5 234
234 12 23 34 1 2 5 5 5 234 234 12 23 34 1 2 5 5 5 234
234 12 23 34 1 2 5 5 5 234 234 12 23 34 1 2 5 5 5 234
234 12 23 34 1 2 5 5 5 234 234 12 23 34 1 2 5 5 5 234
234 12 23 34 1 2 5 5 5 234 234 12 23 34 1 2 5 5 5 234
234 12 23 34 1 2 5 5 5 234 234 12 23 34 1 2 5 5 5 234
20
234 12 23 34 1 2 5 5 5 234 234 12 23 34 1 2 5 5 5 234
234 12 23 34 1 2 5 5 5 234 234 12 23 34 1 2 5 5 5 234
234 12 23 34 1 2 5 5 5 234 234 12 23 34 1 2 5 5 5 234
234 12 23 34 1 2 5 5 5 234 234 12 23 34 1 2 5 5 5 234
234 12 23 34 1 2 5 5 5 234 234 12 23 34 1 2 5 5 5 234
234 12 23 34 1 2 5 5 5 234 234 12 23 34 1 2 5 5 5 234
234 12 23 34 1 2 5 5 5 234 234 12 23 34 1 2 5 5 5 234
234 12 23 34 1 2 5 5 5 234 234 12 23 34 1 2 5 5 5 234
234 12 23 34 1 2 5 5 5 234 234 12 23 34 1 2 5 5 5 234
234 12 23 34 1 2 5 5 5 234 234 12 23 34 1 2 5 5 5 234
234 12 23 34 1 2 5 5 5 234 234 12 23 34 1 2 5 5 5 234
234 12 23 34 1 2 5 5 5 234 234 12 23 34 1 2 5 5 5 234
234 12 23 34 1 2 5 5 5 234 234 12 23 34 1 2 5 5 5 234
234 12 23 34 1 2 5 5 5 234 234 12 23 34 1 2 5 5 5 234
234 12 23 34 1 2 5 5 5 234 234 12 23 34 1 2 5 5 5 234
234 12 23 34 1 2 5 5 5 234 234 12 23 34 1 2 5 5 5 234
234 12 23 34 1 2 5 5 5 234 234 12 23 34 1 2 5 5 5 234
234 12 23 34 1 2 5 5 5 234 234 12 23 34 1 2 5 5 5 234
234 12 23 34 1 2 5 5 5 234 234 12 23 34 1 2 5 5 5 234
234 12 23 34 1 2 5 5 5 234 234 12 23 34 1 2 5 5 5 234